1.
a_up =  [0.003, 0.03, 0.02, -0.04, 0.03, -0.02, 0.01, -0.005, 0.003, -0.002, 0.001, 0.001, 0.001, 0.001, 0.001]
a_low = [0.001, -0.03, 0.03, -0.04, 0.03, -0.02, 0.01, -0.005, 0.003, -0.002, 0.001, 0.001, 0.001, 0.001, 0.001]
2.
a_up =  [0.003, 0.02, 0.02, -0.04, 0.02, -0.02, 0.01, -0.005, 0.002, -0.002, 0.001, 0.001, 0.001, 0.001, 0.001]
a_low = [0.001, 0.03, 0.02, -0.04, 0.02, -0.02, 0.01, -0.005, 0.003, -0.002, 0.001, 0.001, 0.001, 0.001, 0.001]
3.
a_up =  [0.003, 0.02, 0.02, -0.04, 0.02, -0.001, -0.005, 0.005, 0.003, -0.002, 0.002, 0.001, 0.001, 0.001, 0.002]
a_low = [0.001, 0.03, 0.02, -0.04, 0.02, -0.01, 0.005, 0.005, 0.003, -0.002, 0.002, 0.001, 0.001, 0.001, 0.002]
4.
a_up =  [0.003, 0.02, 0.02, -0.04, 0.02, 0.001, -0.005, 0.005, 0.003, -0.002, 0.002, 0.001, 0.001, 0.001, 0.002]
a_low = [0.001, -0.01, 0.02, -0.04, 0.02, -0.02, 0.005, 0.005, 0.003, -0.002, 0.002, 0.001, 0.001, 0.001, -0.002]
5.
a_up =  [0.003, 0.02, 0.02, -0.04, 0.02, 0.001, -0.005, 0.01, 0.003, -0.002, 0.002, 0.001, 0.001, 0.001, 0.002]
a_low = [0.001, -0.01, 0.02, -0.01, 0.02, -0.02, 0.005, 0.005, 0.003, -0.002, 0.002, 0.001, 0.001, 0.001, 0.002]